0 0.95703125 0.52265625 0.05625 0.0765625
0 0.8671875 0.12421875 0.034375 0.040625
0 0.41171875 0.08828125 0.034375 0.053125
0 0.9328125 0.8375 0.03125 0.0359375
0 0.021875 0.41015625 0.04375 0.0484375
0 0.16640625 0.359375 0.0328125 0.040625
0 0.18359375 0.1625 0.0375 0.040625
1 0.7984375 0.403125 0.0609375 0.065625
1 0.7 0.8796875 0.0484375 0.0625
1 0.1421875 0.86328125 0.0453125 0.05625
1 0.3515625 0.81484375 0.01875 0.03125
1 0.28984375 0.528125 0.028125 0.0390625
1 0.57890625 0.2921875 0.0359375 0.046875
1 0.82734375 0.18671875 0.03125 0.04375
1 0.48671875 0.51484375 0.05 0.053125
1 0.31796875 0.56953125 0.03125 0.0375
1 0.565625 0.84921875 0.025 0.034375