0 0.384375 0.06640625 0.071875 0.08125
0 0.86171875 0.109375 0.075 0.065625
0 0.74140625 0.16953125 0.0703125 0.05625
0 0.640625 0.2328125 0.053125 0.046875
0 0.83046875 0.36875 0.134375 0.1
0 0.58984375 0.5390625 0.0359375 0.0359375
0 0.74921875 0.5109375 0.040625 0.046875
0 0.621875 0.6421875 0.065625 0.071875
0 0.1171875 0.59765625 0.0609375 0.0984375
0 0.08828125 0.403125 0.04375 0.046875
0 0.06796875 0.284375 0.034375 0.05
0 0.84765625 0.88671875 0.0421875 0.053125
0 0.39140625 0.8875 0.0359375 0.040625
0 0.3625 0.434375 0.0234375 0.03125
1 0.51875 0.0953125 0.0484375 0.053125
1 0.33046875 0.57265625 0.0375 0.040625
1 0.18828125 0.7953125 0.040625 0.034375
1 0.15 0.88984375 0.040625 0.046875
1 0.03984375 0.8921875 0.046875 0.0421875
1 0.20390625 0.98515625 0.034375 0.0296875
1 0.3265625 0.88359375 0.028125 0.0375
1 0.134375 0.44921875 0.034375 0.0390625
1 0.54453125 0.26953125 0.034375 0.0578125
1 0.92109375 0.94765625 0.025 0.040625
0 0.678125 0.00625 0.028125 0.0125