0 0.6765625 0.853125 0.0859375 0.0875
0 0.8890625 0.378125 0.071875 0.059375
0 0.8765625 0.07421875 0.05 0.040625
0 0.34765625 0.02890625 0.04375 0.034375
0 0.253125 0.06875 0.040625 0.034375
0 0.45390625 0.02578125 0.065625 0.0453125
1 0.3046875 0.2234375 0.046875 0.04375
1 0.22578125 0.27265625 0.034375 0.03125
1 0.53984375 0.49765625 0.028125 0.03125
1 0.7484375 0.715625 0.046875 0.04375
1 0.95390625 0.28984375 0.0375 0.0375
1 0.09375 0.0671875 0.040625 0.034375
1 0.19296875 0.04140625 0.0375 0.025
1 0.784375 0.371875 0.025 0.021875