0 0.31328125 0.259375 0.07421875 0.0890625
0 0.74765625 0.3359375 0.10625 0.1046875
0 0.66875 0.4625 0.06328125 0.07890625
0 0.22578125 0.44765625 0.06484375 0.04609375
0 0.1703125 0.590625 0.05234375 0.0578125
1 0.07734375 0.36015625 0.09765625 0.109375
0 0.43984375 0.85625 0.05234375 0.059375
0 0.378125 0.98359375 0.06484375 0.0328125
0 0.67109375 0.9296875 0.0328125 0.03984375
0 0.53671875 0.85859375 0.03046875 0.034375
1 0.440625 0.49921875 0.059375 0.0765625
1 0.15234375 0.15234375 0.0484375 0.04453125
1 0.73125 0.10546875 0.0375 0.0359375
1 0.871875 0.39921875 0.04140625 0.05078125
1 0.06875 0.91015625 0.0265625 0.03359375
1 0.06484375 0.77265625 0.0265625 0.025
0 0.68125 0.09453125 0.02265625 0.02578125