0 0.740625 0.68671875 0.0890625 0.075
0 0.6640625 0.25234375 0.1046875 0.10625
0 0.5375 0.33125 0.078125 0.0625
0 0.55234375 0.77421875 0.046875 0.065625
0 0.409375 0.8296875 0.0578125 0.053125
1 0.63984375 0.92265625 0.109375 0.0984375
0 0.14375 0.56015625 0.059375 0.053125
0 0.01640625 0.621875 0.0328125 0.065625
0 0.0703125 0.32890625 0.040625 0.0328125
0 0.14140625 0.46328125 0.034375 0.03125
1 0.50078125 0.559375 0.0765625 0.059375
1 0.84765625 0.84765625 0.04375 0.0484375
1 0.89453125 0.26875 0.0359375 0.0375
1 0.60078125 0.128125 0.05 0.040625
1 0.08984375 0.93125 0.034375 0.0265625
1 0.22734375 0.93515625 0.025 0.0265625
0 0.90546875 0.31875 0.025 0.021875