0 0.39765625 0.58359375 0.04375 0.034375
0 0.51015625 0.97734375 0.05 0.0375
0 0.640625 0.81171875 0.04375 0.034375
0 0.6921875 0.4765625 0.04375 0.040625
0 0.865625 0.4078125 0.0453125 0.040625
0 0.80546875 0.66328125 0.0375 0.028125
1 0.065625 0.07734375 0.05 0.04375
1 0.45546875 0.3375 0.03125 0.0296875
1 0.55078125 0.39296875 0.034375 0.028125
1 0.51640625 0.41015625 0.0265625 0.0234375
1 0.8328125 0.165625 0.05625 0.053125
1 0.18046875 0.12421875 0.03125 0.0375
1 0.13515625 0.76015625 0.0421875 0.0359375
1 0.1734375 0.53359375 0.05625 0.046875
1 0.30546875 0.87734375 0.0734375 0.0640625
1 0.803125 0.85625 0.071875 0.059375
1 0.90703125 0.6296875 0.0625 0.06875
1 0.78125 0.37578125 0.053125 0.05
1 0.7078125 0.52421875 0.05625 0.040625
1 0.64296875 0.63046875 0.05 0.040625
1 0.5796875 0.5828125 0.0625 0.046875
0 0.34140625 0.14375 0.025 0.0234375
0 0.1375 0.88046875 0.034375 0.03125
0 0.7921875 0.45234375 0.028125 0.025
1 0.94609375 0.04296875 0.028125 0.028125