0 0.85703125 0.3453125 0.09140625 0.06875
0 0.8 0.0453125 0.034375 0.0484375
0 0.44453125 0.0703125 0.05 0.0484375
0 0.0203125 0.37890625 0.02890625 0.04453125
1 0.45859375 0.1296875 0.05390625 0.0515625
1 0.54296875 0.57890625 0.03515625 0.04765625
1 0.44140625 0.8515625 0.040625 0.053125
1 0.646875 0.2828125 0.04453125 0.0453125
1 0.7890625 0.29921875 0.04453125 0.05234375
1 0.46875 0.3046875 0.03671875 0.0421875
1 0.0875 0.44453125 0.0328125 0.0390625
1 0.01484375 0.6859375 0.0296875 0.05625
1 0.7265625 0.53515625 0.034375 0.0390625
1 0.72265625 0.46953125 0.02890625 0.03984375