0 0.21640625 0.22578125 0.078125 0.075
0 0.5921875 0.08125 0.121875 0.13125
0 0.54140625 0.1671875 0.034375 0.028125
0 0.54609375 0.3265625 0.021875 0.01875
0 0.5640625 0.38203125 0.025 0.028125
0 0.609375 0.44296875 0.04375 0.034375
0 0.97109375 0.39453125 0.053125 0.0734375
0 0.7609375 0.578125 0.040625 0.034375
0 0.7671875 0.5390625 0.03125 0.0296875
0 0.65234375 0.66640625 0.053125 0.059375
0 0.11015625 0.66484375 0.05625 0.0578125
0 0.2765625 0.9265625 0.040625 0.0390625
0 0.478125 0.74375 0.0328125 0.0296875
1 0.459375 0.3015625 0.04375 0.04375
1 0.2515625 0.446875 0.0546875 0.046875
1 0.25 0.315625 0.034375 0.034375
1 0.0609375 0.209375 0.04375 0.03125
1 0.5140625 0.5296875 0.0390625 0.04375
1 0.62578125 0.37421875 0.040625 0.04375
1 0.66796875 0.45234375 0.034375 0.03125
1 0.8015625 0.52109375 0.05625 0.034375
1 0.8734375 0.42734375 0.0546875 0.0546875
1 0.915625 0.509375 0.04375 0.03125
1 0.8671875 0.06328125 0.046875 0.034375
1 0.79609375 0.6421875 0.0390625 0.03125
1 0.28828125 0.70703125 0.0375 0.0328125
1 0.23828125 0.86875 0.0625 0.0546875
1 0.0140625 0.925 0.028125 0.034375