0 0.22578125 0.21640625 0.07578125 0.078125
0 0.08125 0.5921875 0.13203125 0.12109375
0 0.1671875 0.54140625 0.02734375 0.03515625
0 0.3265625 0.54609375 0.01875 0.02109375
0 0.38203125 0.5640625 0.02890625 0.025
0 0.44296875 0.609375 0.03359375 0.04296875
0 0.39453125 0.97109375 0.0734375 0.05390625
0 0.578125 0.7609375 0.034375 0.04140625
0 0.5390625 0.7671875 0.0296875 0.03125
0 0.66640625 0.65234375 0.05859375 0.05234375
0 0.66484375 0.11015625 0.0578125 0.05703125
0 0.9265625 0.2765625 0.0390625 0.04140625
0 0.74375 0.478125 0.0296875 0.0328125
1 0.3015625 0.459375 0.04453125 0.04296875
1 0.446875 0.2515625 0.04609375 0.0546875
1 0.315625 0.25 0.03515625 0.034375
1 0.209375 0.0609375 0.03203125 0.04296875
1 0.5296875 0.5140625 0.04453125 0.0390625
1 0.37421875 0.62578125 0.04375 0.040625
1 0.45234375 0.66796875 0.03046875 0.034375
1 0.52109375 0.8015625 0.034375 0.05703125
1 0.42734375 0.8734375 0.0546875 0.0546875
1 0.509375 0.915625 0.03046875 0.04453125
1 0.06328125 0.8671875 0.034375 0.04765625
1 0.6421875 0.79609375 0.03125 0.0390625
1 0.70703125 0.28828125 0.0328125 0.03671875
1 0.86875 0.23828125 0.0546875 0.06328125
1 0.925 0.0140625 0.03359375 0.02734375