1 0.7296875 0.90078125 0.06875 0.078125
1 0.48515625 0.9296875 0.040625 0.053125
0 0.3328125 0.76171875 0.05 0.071875
0 0.47578125 0.6484375 0.03125 0.0359375
0 0.65234375 0.42890625 0.034375 0.0421875
0 0.60703125 0.21484375 0.0375 0.04375
0 0.6296875 0.08203125 0.05625 0.06875
0 0.15859375 0.0796875 0.0515625 0.053125
1 0.35 0.53984375 0.053125 0.0640625
0 0.08046875 0.48359375 0.034375 0.04375
0 0.21328125 0.4546875 0.0375 0.0359375
1 0.56796875 0.42109375 0.025 0.03125
1 0.6859375 0.534375 0.0421875 0.05
1 0.8171875 0.640625 0.03125 0.028125
1 0.40546875 0.7609375 0.03125 0.040625
1 0.06328125 0.62734375 0.0328125 0.0421875
1 0.41796875 0.42734375 0.0421875 0.046875
1 0.55234375 0.0765625 0.0546875 0.0796875
0 0.5609375 0.0265625 0.0234375 0.021875