1 0.159375 0.25703125 0.065625 0.078125
1 0.2203125 0.56796875 0.034375 0.0390625
1 0.15078125 0.7 0.034375 0.0453125
1 0.18984375 0.678125 0.053125 0.04375
1 0.153125 0.6171875 0.034375 0.0390625
0 0.10546875 0.825 0.0453125 0.04375
0 0.13203125 0.77578125 0.04375 0.05
0 0.77890625 0.6375 0.0625 0.0640625
0 0.6171875 0.33828125 0.0375 0.046875
0 0.97734375 0.47734375 0.0453125 0.075
0 0.953125 0.86796875 0.028125 0.03125
0 0.540625 0.78984375 0.0375 0.04375
0 0.36796875 0.3625 0.028125 0.040625
0 0.53046875 0.89453125 0.025 0.03125
1 0.775 0.9546875 0.046875 0.053125
1 0.2625 0.9625 0.034375 0.0375
1 0.82421875 0.4484375 0.0390625 0.040625
0 0.92265625 0.0359375 0.025 0.0296875