1 0.2703125 0.09921875 0.06875 0.078125
1 0.51484375 0.0703125 0.040625 0.053125
0 0.6671875 0.23828125 0.05 0.07265625
0 0.52421875 0.3515625 0.03203125 0.0359375
0 0.34765625 0.57109375 0.03359375 0.0421875
0 0.39296875 0.78515625 0.03671875 0.04296875
0 0.3703125 0.91796875 0.05625 0.06875
0 0.84140625 0.9203125 0.0515625 0.053125
1 0.65 0.46015625 0.053125 0.0640625
0 0.91953125 0.51640625 0.034375 0.04296875
0 0.78671875 0.5453125 0.0375 0.0359375
1 0.43203125 0.57890625 0.02421875 0.03203125
1 0.3140625 0.465625 0.0421875 0.05
1 0.1828125 0.359375 0.03046875 0.028125
1 0.59453125 0.2390625 0.03203125 0.04140625
1 0.93671875 0.37265625 0.0328125 0.0421875
1 0.58203125 0.57265625 0.0421875 0.04765625
1 0.44765625 0.9234375 0.0546875 0.0796875
0 0.4390625 0.9734375 0.0234375 0.02265625