0 0.14296875 0.3453125 0.090625 0.06875
0 0.2 0.0453125 0.034375 0.0484375
0 0.55546875 0.0703125 0.05 0.0484375
0 0.9796875 0.37890625 0.028125 0.04375
1 0.54140625 0.1296875 0.053125 0.0515625
1 0.45703125 0.57890625 0.034375 0.046875
1 0.55859375 0.8515625 0.040625 0.053125
1 0.353125 0.2828125 0.04375 0.0453125
1 0.2109375 0.29921875 0.04375 0.053125
1 0.53125 0.3046875 0.0375 0.0421875
1 0.9125 0.44453125 0.0328125 0.0390625
1 0.98515625 0.6859375 0.0296875 0.05625
1 0.2734375 0.53515625 0.034375 0.0390625
1 0.27734375 0.46953125 0.028125 0.040625