0 0.58359375 0.39765625 0.034375 0.04375
0 0.97734375 0.51015625 0.03671875 0.05
0 0.81171875 0.640625 0.03515625 0.04375
0 0.4765625 0.6921875 0.03984375 0.04375
0 0.4078125 0.865625 0.03984375 0.0453125
0 0.66328125 0.80546875 0.028125 0.03828125
1 0.07734375 0.065625 0.04296875 0.05
1 0.3375 0.45546875 0.0296875 0.03203125
1 0.39296875 0.55078125 0.02890625 0.03359375
1 0.41015625 0.51640625 0.0234375 0.0265625
1 0.165625 0.8328125 0.053125 0.05703125
1 0.12421875 0.18046875 0.03671875 0.03203125
1 0.76015625 0.13515625 0.0359375 0.0421875
1 0.53359375 0.1734375 0.04609375 0.05703125
1 0.87734375 0.30546875 0.06328125 0.0734375
1 0.85625 0.803125 0.059375 0.07265625
1 0.6296875 0.90703125 0.06875 0.06328125
1 0.37578125 0.78125 0.04921875 0.05234375
1 0.52421875 0.7078125 0.040625 0.05546875
1 0.63046875 0.64296875 0.03984375 0.05
1 0.5828125 0.5796875 0.046875 0.0625
0 0.14375 0.34140625 0.0234375 0.025
0 0.88046875 0.1375 0.03125 0.034375
0 0.45234375 0.7921875 0.025 0.02734375
1 0.04296875 0.94609375 0.02890625 0.02734375