1 0.74296875 0.840625 0.078125 0.065625
1 0.43203125 0.7796875 0.0390625 0.034375
1 0.3 0.84921875 0.0453125 0.0359375
1 0.321875 0.81015625 0.04375 0.053125
1 0.3828125 0.846875 0.0390625 0.034375
0 0.175 0.89453125 0.04375 0.04375
0 0.22421875 0.86796875 0.05 0.04375
0 0.3625 0.22109375 0.0640625 0.0625
0 0.66171875 0.3828125 0.046875 0.0375
0 0.52265625 0.02265625 0.075 0.0453125
0 0.13203125 0.046875 0.03125 0.028125
0 0.21015625 0.459375 0.04375 0.0375
0 0.6375 0.63203125 0.040625 0.028125
0 0.10546875 0.46953125 0.03125 0.025
1 0.0453125 0.225 0.053125 0.046875
1 0.0375 0.7375 0.0375 0.034375
1 0.5515625 0.17578125 0.040625 0.0390625
0 0.9640625 0.07734375 0.0296875 0.025