0 0.3234375 0.853125 0.0859375 0.0875
0 0.1109375 0.378125 0.071875 0.059375
0 0.1234375 0.07421875 0.05 0.040625
0 0.65234375 0.02890625 0.04375 0.034375
0 0.746875 0.06875 0.040625 0.034375
0 0.54609375 0.02578125 0.065625 0.0453125
1 0.6953125 0.2234375 0.046875 0.04375
1 0.77421875 0.27265625 0.034375 0.03125
1 0.46015625 0.49765625 0.028125 0.03125
1 0.2515625 0.715625 0.046875 0.04375
1 0.04609375 0.28984375 0.0375 0.0375
1 0.90625 0.0671875 0.040625 0.034375
1 0.80703125 0.04140625 0.0375 0.025
1 0.215625 0.371875 0.025 0.021875