0 0.04296875 0.47734375 0.05546875 0.0765625
0 0.1328125 0.87578125 0.03359375 0.03984375
0 0.58828125 0.91171875 0.034375 0.053125
0 0.0671875 0.1625 0.03125 0.0359375
0 0.978125 0.58984375 0.04375 0.0484375
0 0.83359375 0.640625 0.0328125 0.040625
0 0.81640625 0.8375 0.0375 0.040625
1 0.2015625 0.596875 0.0609375 0.06640625
1 0.3 0.1203125 0.04765625 0.06171875
1 0.8578125 0.13671875 0.0453125 0.05546875
1 0.6484375 0.18515625 0.01796875 0.03203125
1 0.71015625 0.471875 0.02890625 0.0390625
1 0.42109375 0.7078125 0.0359375 0.04765625
1 0.17265625 0.81328125 0.03203125 0.04375
1 0.51328125 0.48515625 0.05078125 0.053125
1 0.68203125 0.43046875 0.03203125 0.0375
1 0.434375 0.15078125 0.025 0.034375