0 0.78359375 0.22578125 0.078125 0.075
0 0.4078125 0.08125 0.121875 0.13125
0 0.45859375 0.1671875 0.034375 0.028125
0 0.45390625 0.3265625 0.021875 0.01875
0 0.4359375 0.38203125 0.025 0.028125
0 0.390625 0.44296875 0.04375 0.034375
0 0.02890625 0.39453125 0.053125 0.0734375
0 0.2390625 0.578125 0.040625 0.034375
0 0.2328125 0.5390625 0.03125 0.0296875
0 0.34765625 0.66640625 0.053125 0.059375
0 0.88984375 0.66484375 0.05625 0.0578125
0 0.7234375 0.9265625 0.040625 0.0390625
0 0.521875 0.74375 0.0328125 0.0296875
1 0.540625 0.3015625 0.04375 0.04375
1 0.7484375 0.446875 0.0546875 0.046875
1 0.75 0.315625 0.034375 0.034375
1 0.9390625 0.209375 0.04375 0.03125
1 0.4859375 0.5296875 0.0390625 0.04375
1 0.37421875 0.37421875 0.040625 0.04375
1 0.33203125 0.45234375 0.034375 0.03125
1 0.1984375 0.52109375 0.05625 0.034375
1 0.1265625 0.42734375 0.0546875 0.0546875
1 0.084375 0.509375 0.04375 0.03125
1 0.1328125 0.06328125 0.046875 0.034375
1 0.20390625 0.6421875 0.0390625 0.03125
1 0.71171875 0.70703125 0.0375 0.0328125
1 0.76171875 0.86875 0.0625 0.0546875
1 0.9859375 0.925 0.028125 0.034375