1 0.80546875 0.2640625 0.059375 0.0625
1 0.15625 0.775 0.0625 0.065625
1 0.18203125 0.8453125 0.0484375 0.046875
1 0.025 0.87421875 0.05 0.053125
1 0.68984375 0.8390625 0.0421875 0.046875
1 0.953125 0.59140625 0.05625 0.0859375
1 0.3484375 0.30546875 0.034375 0.040625
1 0.2453125 0.24765625 0.0515625 0.05625
1 0.25234375 0.31796875 0.0421875 0.046875
1 0.121875 0.1265625 0.040625 0.0515625
1 0.2140625 0.5375 0.034375 0.0375
1 0.221875 0.4734375 0.05625 0.059375
0 0.1 0.33828125 0.040625 0.084375
0 0.1265625 0.28828125 0.0296875 0.040625
0 0.27265625 0.17734375 0.0421875 0.04375
0 0.40234375 0.340625 0.05625 0.059375
0 0.58125 0.45546875 0.034375 0.0453125
0 0.9609375 0.459375 0.05 0.071875
0 0.9640625 0.353125 0.034375 0.0375
0 0.60390625 0.7375 0.034375 0.0390625
0 0.78359375 0.9765625 0.05 0.046875
0 0.27578125 0.97578125 0.05 0.046875
0 0.1359375 0.9484375 0.0625 0.05625
0 0.1953125 0.98671875 0.0390625 0.0265625
0 0.203125 0.72890625 0.025 0.034375
0 0.28046875 0.58203125 0.0265625 0.034375
0 0.77578125 0.5953125 0.040625 0.0421875
0 0.0109375 0.9203125 0.021875 0.04375
1 0.33984375 0.878125 0.0375 0.046875
1 0.5640625 0.66875 0.025 0.025
1 0.4640625 0.42734375 0.0375 0.034375
1 0.87421875 0.084375 0.034375 0.0453125