0 0.93359375 0.615625 0.08125 0.071875
0 0.890625 0.13828125 0.065625 0.075
0 0.83046875 0.25859375 0.05625 0.0703125
0 0.7671875 0.359375 0.046875 0.053125
0 0.63125 0.16953125 0.1 0.134375
0 0.4609375 0.41015625 0.0359375 0.0359375
0 0.4890625 0.25078125 0.046875 0.040625
0 0.3578125 0.378125 0.071875 0.065625
0 0.40234375 0.8828125 0.096875 0.0609375
0 0.596875 0.91171875 0.046875 0.04375
0 0.715625 0.93203125 0.05 0.034375
0 0.11328125 0.15234375 0.053125 0.0421875
0 0.1125 0.60859375 0.040625 0.0359375
0 0.565625 0.6375 0.03125 0.0234375
1 0.9046875 0.48125 0.053125 0.0484375
1 0.42734375 0.66953125 0.040625 0.0375
1 0.2046875 0.81171875 0.034375 0.040625
1 0.11015625 0.85 0.046875 0.040625
1 0.1078125 0.96015625 0.0421875 0.046875
1 0.01484375 0.79609375 0.0296875 0.034375
1 0.11640625 0.6734375 0.0375 0.028125
1 0.55078125 0.865625 0.0390625 0.034375
1 0.73046875 0.45546875 0.0578125 0.034375
1 0.05234375 0.07890625 0.040625 0.025
0 0.99375 0.321875 0.0125 0.028125