1 0.80546875 0.7359375 0.059375 0.0625
1 0.15625 0.225 0.0625 0.065625
1 0.18203125 0.1546875 0.0484375 0.046875
1 0.025 0.12578125 0.05 0.053125
1 0.68984375 0.1609375 0.0421875 0.046875
1 0.953125 0.40859375 0.05625 0.0859375
1 0.3484375 0.69453125 0.034375 0.040625
1 0.2453125 0.75234375 0.0515625 0.05625
1 0.25234375 0.68203125 0.0421875 0.046875
1 0.121875 0.8734375 0.040625 0.0515625
1 0.2140625 0.4625 0.034375 0.0375
1 0.221875 0.5265625 0.05625 0.059375
0 0.1 0.66171875 0.040625 0.084375
0 0.1265625 0.71171875 0.0296875 0.040625
0 0.27265625 0.82265625 0.0421875 0.04375
0 0.40234375 0.659375 0.05625 0.059375
0 0.58125 0.54453125 0.034375 0.0453125
0 0.9609375 0.540625 0.05 0.071875
0 0.9640625 0.646875 0.034375 0.0375
0 0.60390625 0.2625 0.034375 0.0390625
0 0.78359375 0.0234375 0.05 0.046875
0 0.27578125 0.02421875 0.05 0.046875
0 0.1359375 0.0515625 0.0625 0.05625
0 0.1953125 0.01328125 0.0390625 0.0265625
0 0.203125 0.27109375 0.025 0.034375
0 0.28046875 0.41796875 0.0265625 0.034375
0 0.77578125 0.4046875 0.040625 0.0421875
0 0.0109375 0.0796875 0.021875 0.04375
1 0.33984375 0.121875 0.0375 0.046875
1 0.5640625 0.33125 0.025 0.025
1 0.4640625 0.57265625 0.0375 0.034375
1 0.87421875 0.915625 0.034375 0.04375